DOMRAF
0.05423298574397346
0.953712432531896
0.07438822357470494
0.953712432531896
0.953712432531896
0.02319729998058476
0.023202380952380957
0
0.05082783461210568
0.010940476190476191
0.9104895380881733
0.8733055737759846
0.5173081161741051
0.953712432531896
0.12723911596955298
0.8666613402005788
0.953712432531896
0.953712432531896
0.953712432531896
0.953712432531896
0.0010110491281968362
0.953712432531896
0.953712432531896
0.9074744793336996
0.8639164944767315
0.13918182240857047
0.953712432531896
0.953712432531896
0.07342577429545098
0.7346031976473779
0.3164501955772216
0.5253467138596044
0.06547939348644707
0.953712432531896
0.858043326164897
0.953712432531896
0.018986052316017136
0.953712432531896
0.1284311466068486
0.020946715827745235
0.953712432531896
0.0057857142857142855
0.953712432531896
0.953712432531896
0.02078699828823071
3.202090592334495e-4
0.953712432531896
0.8655647585997526
0.6556151097299839
0.21030743734345775
0.9445594798724615
0.1804727598893607
0.050794444444444434
0.055427777777777784
0.8850985121341927
0.953712432531896
0.0418668970814132
0.29721002506265687
0.24698798008412268
0.953712432531896
0.953712432531896
0.009422229153670204
0.009646031746031748
0.953712432531896
0.23471461912268304
0.13316663587422983
0.953712432531896
0.9517884070151567
0.953712432531896
0.9482691410512778
0.6875886410607888
0.10918517129759807
0.19304175132141255
0.953712432531896
0.5419499786161068
0.953712432531896
0.07329361170943406
0.08669886230381658
0.966449661560312
0.953712432531896
0.0018083632545802932
0.953712432531896
0.8201470280394163
0.953712432531896
0.2752086621088418
0.921613196090887
0.04939444444444443
0.953712432531896
0.43031199514051754
0.953712432531896
0.953712432531896
0.8701186236113334
0.6345992526955125
0.11146230766908952
0.953712432531896
0.18121356639550293
0.953712432531896
0.03481939634047066
0.5234290067229189
0.953712432531896
0.15042785467634212
0.016369841269841267
0.6080370189792533
0.953712432531896
0.953712432531896
0.2414609296036662
0.22535389308645418
0.9531196699335507
0.953712432531896
0
0.7893262314206408
0.38259190208988497
0.7424449709338534
0.0639220049893217
0.7058815033410535
0.953712432531896
0.06730301587301588
0
0.03916349206349206
0.9550110687046641
0.03299365079365079
0.9597725932462475
0.04275264118251477
0.9041929475633667
0.005204173598114647
0.028706547619047618
0.953712432531896
0.06829405228758169
0.00215
0.05141638036293208
0.3305688467172092
0.008637389394528397
0.0051206349206349205
0.7381582290736503
0.06851584422454365
0.953712432531896
0.8478782908765746
0.953712432531896
4.651162790697674e-5
0.9597725932462475
0.953712432531896
0.886683920107474
0.017634718583779324
0.953712432531896
0.8898042235636969
0.8309111667926982
0.005054761904761905
0.953712432531896
0.953712432531896
0.003902380952380952
0.9465895388749139
0.11228795323450498
0.953712432531896
0.953712432531896
0.7063361206655897
0.01441031746031746
0.924867470587527
0.11610824937404698
0.953712432531896
0.14620806252839855
0.953712432531896
0.30628433631853574
0.9527140673921487
0.3599506625836684
0.13613879657707822
0.010587301587301586
0.0629008223655993
0.012086082075106466
0.953712432531896
0.953712432531896
0.9448520140716511
0.7147171590066016
0.040576468821034044
0.6796188844274431
0.953712432531896
0.9527823707595036
0.953712432531896
0.14459444444444447
0.845747852323772
0.23693001579133646
0.01027063492063492
0.953712432531896
0.16195277518648177
0.4671068011375045
0.09013492063492069
0.953712432531896
0.953712432531896
0.953712432531896
0.953712432531896
0.07315410480160231
0.953712432531896
0.3512240105286035
0.953712432531896
0.0010591647009617715
0.9358727278934768
0.002375018397630244
0.0010440686926117492
0.014894070965164196
0.953712432531896
0.953712432531896
0.7387471997213696
0.953712432531896
0.2562380952380952
0.9565207047344323
0.08669886230381658
0.43722772403986315
0.953712432531896
0.11987720137981545
0.953712432531896
0.23354546951258479
0.47772761875559705
0.0052962621607782895
0.953712432531896
0.953712432531896
0.2203547007762584
0.021485802092941094
0.6862319938931669
0.00212004477004477
0.953712432531896
3.202090592334495e-4
0.8321404153763189
0.6517888802819007
0.012593062487003533
0.953712432531896
0.04659776206345537
0.04304865411925808
0.953712432531896
0.9482691410512778
0.2964394320087673
0.6521786873410335
0.0110484126984127
0.09901588620995659
0.9268845804884017
0.07387950937950939
0.017805344033673568
0.06799513830048078
0.1025293650793651
0.953712432531896
0.06191156103370666
0.8443990805907342
0.4213068585717701
0.25812144244591867
0.004776596501153057
0.02089047619047619
0.03526536913379017
0.38541250592992626
0.7119203807928629
0.10636407769827545
0.953712432531896
0.953712432531896
0.953712432531896
0.9666220633622732
0.953712432531896
0.05395614124614841
0.953712432531896
0.07487069254729384
0.953712432531896
0.953712432531896
0.3834446308845202
0.9297717809615931
0.953712432531896
0.2863839117128453
0.0044327450266860744
0.032714308252036445
0.035743073593073584
0.953712432531896
7.898878838289318e-4
0.9475975764637502
0.8681849174363512
0.6069878047990356
0.11474443493712377
0.020646176046176044
0.14164227611999688
0.3406729373840203
0.021425898078529657
0.0012436507936507937
0.07464289542886228
0.9297548173625644
0.9548591772448736
0.9051277663618019
0.902980814019163
0.8417011592521292
0.032759164420485175
0.953712432531896
0.08191269841269844
0.6510301200900701
0.02669524502668607
0.959043686852134
0
0.953712432531896
0.038467604617604616
0.04983360886492962
0.08671017705645086
0.8639580079555254
0.11862907688014193
0.953712432531896
0.853954012209337
0.953712432531896
0.953712432531896
0.7643221737473272
0.9029095409103393
0.953712432531896
0.4683874420236276
0.1299308139669663
0.005092293906810035
0.08890240261828336
0.02973561446270587
0.8173876237429049
0.258227508436182
0.8778728859535021
0.953712432531896
0.953712432531896
0.0019337819185645273
0.12614693745262337
0.7957608638244911
0.953712432531896
5e-4
0.03643911478987156
0.953712432531896
0.5212492822530997
0.03230022845719997
0.5381172735131114
0.966449661560312
0.13806326813682943
0.14970808796052362
0.00215
0.793062053416531
0.953712432531896
0.21624581602777118
0.212320480408881
0.8580485024571654
0.006910146141541491
7.898878838289318e-4
0.07277358258507167
3.343253968253968e-4
0.953712432531896
0.953712432531896
0.367829943642188
0.953712432531896
0.9445594798724615
0.9525442399540367
0.953712432531896
0.4264955480121659
0.016530006931447978
0.002134494773519164
0.7371621267834957
0.953712432531896
0.9531196699335507
0.9274252984420804
0.015554336043360432
0.9067787066979174
0.025230952380952378
0.8919512467156377
0.12034905201059629
0.17091446503563246
0.04257038485870314
0.953712432531896
0.908687091149711
0.953712432531896
0.19171043206069696
0.951707171317216
0.953712432531896
0.953712432531896
0.1574661068450079
0.9064470846056951
0.0812618714072944
0.07262403684774049
0.953712432531896
0.043027714911784726
0.8118573163111686
0.06119377494339837
0.007551294903926483
0.7068846297817698
0.953712432531896
0.05838376469173321
0.09847508553937569
0.019391269841269838
0.953712432531896
0.953712432531896
0.24178398651925181
0.8586850462017555
0.953712432531896
0.9333878425984955
0.15116751356657432
0.7552615253629593
0.07671909423303526
0.1284311466068486
0.5576160662134263
0.953712432531896
0.46895930695593996
0.11590729288007588
0.9254373594468496
0.953712432531896
0.08044536015221608
0.022401587301587297
0.054081629543069595
0.9482221512716547
0.27935079281863257
0.48443801054106655
0.953712432531896
0.953712432531896
0.953712432531896
0.00216032439176544
0.9564258462755918
0.9568342146489041
0.16729751745641927
0.03185339561744401
0.5957400722166746
0.477073320604288
0.8667448604071085
0.020857895640221447
0.9666220633622732
0.06835280572653817
4.8611111111111115e-5
0.8726972439577133
0.953712432531896
0.760673315882293
0.0022857142857142855
0.057009262340676006
0.045047494891302935
0.953712432531896
0.9074744793336996
0.953712432531896
0.11862907688014193
0.9377589568029709
0.022839938481918773
0.953712432531896
0.953712432531896
4e-4
0.24685080971993567
0.6407762868699258
0.24926820670613298
0.02807142857142857
0.4077966942565078
0.0010857142857142856
0.8047885658494582
0.953712432531896
0.953712432531896
0.953712432531896
0.953712432531896
0.014526395820336869
6.607836001940806e-5
0.12068632837750486
0.953712432531896
0.953712432531896
0.953712432531896
0.36680466921282856
0.05950873015873017
0.13223159196967676
0.14964228178165728
0.6640041142324121
0.953712432531896
0.16823028800579903
0.7956522002508369
0.0843359596716796
0.9417400477779473
0.12969287330706789
0.034105945165945166
0.953712432531896
0.1395092354111498
0.06532917979310512
0.8275450004956917
0.3317228717383181
0.23841829786108396
0.953712432531896
0.37064130876782897
0.953712432531896
0.17264623312563193
0.953712432531896
0.04434603174603175
0.953712432531896
0.0019523809523809524
0.020019912954429085
0.8295482070779707
0.921055245690587
0.953712432531896
0.953712432531896
0.4181383129253265
0.07604078621756938
0.7608259989690072
0.9555973291949409
0.8086733579289025
0.9394812267140897
0.020708730158730156
0.953712432531896
0.9074744793336996
0.12700609182640904
0.7732628352065929
0.953712432531896
0.14713079436741525
0.0037512735326688815
0.6297769245276288
0.8210847675354219
0.031246825396825394
0.016423229806134712
0.953712432531896
0.8365954029748645
0.9542060566905625
0.9527140673921487
0.2737340401787078
0.4779938729953313
0.953712432531896
0.14076587301587307
0.08669886230381658
0.8116874912156152
0.004195216828275258
0.3878471035871443
0.6906525119764902
0.4194401842865846
0.7887595226465947
0.043237617999058064
0.953712432531896
0.9447531498056115
0.044246478788064716
0.12281587301587302
0.23375037185037184
0.08995120439806177
0.05269126984126983
0.15954122212571972
0.05480079365079364
0.17034713611068422
0.01599216699278759
0.6035208765715192
0.966449661560312
0.40438942868454125
0.009929365079365078
0.12449600009148368
0.953712432531896
0.5446753309828086
0.953712432531896
0.2344467142605724
0.14738558332236662
0.43945640926311375
0.08014443486227213
0.025104597701149423
0.958561086145724
0.3108371584467607
0.953712432531896
0.12859334881169315
0.8980462450125547
0.7536554137166462
0.4804636659462114
0.05498809523809522
0.006304761904761903
0.5784121963880505
0.0030365148679559156
0.8656337492959975
0.953712432531896
0.953712432531896
0.8644082419518483
0.9542060566905625
0.061833976069454455
0.07224362727720006
0.02420714285714286
0.953712432531896
0.011834268746585792
0.953712432531896
0.828612298916025
0.017604992319508447
0.8588374573353925
0.953712432531896
0.9666220633622732
0.953712432531896
0.06381348520016873
0.016442857142857144
0.6640514488776109
0.06260537710964692
0.06245392809369485
0.1445879266161519
0.06416746268228726
0.953712432531896
0.8311598778615931
0.056384351568655115
0.953712432531896
0.9544708472877862
0.35628482040553205
0.953712432531896
0.5233346988256394
0.9084515158472224
6.607836001940806e-5
0.0157808079520836
0.041881138612890875
0.06871127141575421
0.4291738535535974
0.9074744793336996
0.0010448930296756383
9.861111111111112e-5
0.01648015873015873
0.9051277663618019
0.9552176230817745
0.953712432531896
0.012188888888888891
0.19952820159711765
0.21944384187278396
0.10373678071352462
0.8662043284016874
0.10646549421692247
0.893854322403362
0.953712432531896
0.06902479351573142
0.14149701545833632
0.5579966758715679
0.04644524502668607
0.6591410809195484
0.029376190476190472
5e-5
0.07700999574398333
0.953712432531896
0.951707171317216
0.953712432531896
0.7642417699281908
0.953712432531896
0.953712432531896
0.08644027723484247
0.9394122608997612
0.15727595865346075
5e-4
0.16775930492138605
0.019802654826392284
0.5297799793598289
5.873015873015872e-4
0.7032969469073235
0.04407390121452123
0.1595436156434442
0.7761666267017918
0.8535358350341151
0.953712432531896
0.04341984126984127
0.09268990137704258
0.09463380554146962
0.042174353408029865
0.854257733596089
0.8661775928528
0.050232432211442586
0.953712432531896
0.8862607520671598
0.0680512991054699
0.953712432531896
0.9074744793336996
0.953712432531896
0.868817025396191
0.953712432531896
0.12837627138183932
0.5738135435045602
0.3120716510461311
0.005869047619047618
0.12736690622990993
0.48948779873758336
0.030906980981676768
0.953712432531896
0.015242543373938721
0.09244402125681728
0.1400597048175996
0.8272388268963656
2.222222222222222e-4
0.07699382358750514
0
0.04211209150326795
0.05230952380952381
0.9531196699335507
0.953712432531896
0.9203143357497316
0.8382288355309713
0.2088184110958272
0
0.06550793650793652
0.953712432531896
0.014296031746031746
0.0986230158730159
0.953712432531896
0.12559584443904712
0.11262750764764874
0.953712432531896
0.953712432531896
0.20128885785191802
0.04608869325271359
0.6196169532030747
0.953712432531896
0.2136653817633702
0.5525835579671095
0.016200387596899218
0.8355968318570257
0.09620332550726178
0.9469663563812785
0.8830250330017936
0.01964489302967564
0.8030463612871844
0.23555864455944223
0.8968371508711335
0.6766899758142773
0.8334085444696353
0.014433340264781313
0.953712432531896
0.9563395561696014
0.003822222222222222
0.0127406908719092
0.013376055086073344
0.20501134211439925
0.9011287554410029
0.3230384286361659
0.953712432531896
0.1312880952380953
0.0595753968253968
0.953712432531896
0.25217896719449495
0.03893917834429868
0.6434955236728606
0.9527610972333709
0.029829732868757262
0.7835328249688985
0.953712432531896
0.953712432531896
0.42647489362029034
0.10553174680935368
0.953712432531896
0.04988536439300918
0.2646797568777426
0.003911111111111112
0
0.953712432531896
0.953712432531896
0.953712432531896
0.953712432531896
0.9469663563812785
0.953712432531896
0.6749241098810573
0.007344444444444444
0.3484338638330776
0.953712432531896
0.008835125979067026
0.9187333005983731
0.785017888648559
0.953712432531896
0.24805341836557138
0.15924410079256446
0.4472535353377111
0.22003445068105557
0.953712432531896
0.953712432531896
0.9666220633622732
0.011294893029675637
0.05526031746031745
2e-4
0.24490136461666664
0.953712432531896
0.009398397191849582
0.9225905277246109
0.0018083632545802932
0.8964377162921557
0.03820476190476191
0.006425403756844806
0.953712432531896
0.011842857142857141
0.9394812267140897
0.003017467248908297
0.6662076882659123
0.928326932737661
0.11278565435539999
0.7824980825663161
0.8621703779779799
0.31355302430272014
0.7945937531347101
0.953712432531896
0.06143557716793011
0.953712432531896
0.6468135269882332
0.041582170036641886
0.9274252984420804
0.00684047619047619
0.7973697178277778
0.053231689566472166
0.09537324260388673
0.45269851924854243
0.953712432531896
9e-4
0.953712432531896
0.015819405400800752
0.6773829633696803
0.953712432531896
0.007675602169543217
0.012620634920634923
0.37314235230810283
0.8761902240962308
0.11302474869006059
0.01918571428571428
0.6512262047085607
0.08784761904761909
0.07207460867399079
0.007735714285714286
2.5882352941176474e-4
0.033553812821599485
0.02433253968253968
0.9565207047344323
0.07070203499648775
0.953712432531896
0.21310167718447473
0.8407192850706968
0.953712432531896
0.23004750581327016
0.7524245599098307
0.9351121087228855
0.8597876287525127
0.0957452380952381
0.5423170983332055
0.08537698412698415
0.953712432531896
0.953712432531896
0.9273233114240769
0.08365592601872203
0.18590295521263758
0.44589252226359444
0.953712432531896
0.07535741311628816
0.953712432531896
0.8761395770899649
0.8958152930760451
0.016232011760033388
0.004239958071278826
0.005196825396825396
0.953712432531896
0.19003053683617754
0.953712432531896
0.953712432531896
0.966449661560312
0.12614474542111848
0.037356286049192694
0.9541764958233511
0.11534707894289106
0.953712432531896
0.8628553276393582
0.004984126984126984
0.953712432531896
0.006486514867955917
0.7132289901205995
0.9417400477779473
0.953712432531896
0.008507142857142855
0.005777214541730671
0.0319031746031746
0.9538800692896116
0.813578716834355
0.7233170945853106
0.02361852045803659
0.953712432531896
0.32509668245800333
0.953712432531896
0.0025999999999999994
0.002238866778382907
0.8701186236113334
0.0010591647009617715
0.0812970255436022
6.059233449477353e-4
0.3748188915158396
0.05082359901024424
0.953712432531896
0.018275024958701425
0.010738888888888888
0.966449661560312
0.953712432531896
0.9348992808934167
0.1004685814003738
0.8633072640813035
0.004255562487003536
0.2270602290009925
0.08518301907291798
0.8147160496886626
0.9233381406500099
0.08292698412698411
0.953712432531896
0.9051277663618019
0.9551974301396002
0.002517467248908297
0.10276185979799546
0.953712432531896
0.07968694219826296
0.8885467146053385
0.1554714285714286
5e-4
0.953712432531896
0.8032421010583388
0.0018083632545802932
0.055048876390643736
0.2520288238515604
0.9533001943992785
0.8366344143095439
0.4439413765699502
0.04714385613779718
0.9355706546597014
0.9153393850465342
0.953712432531896
0.03035079365079365
0.8165757934359494
0.6940500183502167
0.8262642709704179
0.8632820517662152
0.6148645649547486
0.7917731980176963
0.7599337369396679
0.6748581240749155
0.11711587301587303
0.2465916950352301
0.1284311466068486
0.039183446005782614
0.27691856640863666
0.953712432531896
0.953712432531896
0.21102821067821073
0.24266557830059923
0.7036877171614417
0.39198783476446036
0.953712432531896
0.9509999789293824
0.7479308720413899
0.949248497566763
0
0.01538095238095238
0.0635174506978789
0.04757374754089522
0.9469663563812785
0.953712432531896
0.8885804534100123
0.949248497566763
0.39794343083887673
0.005054761904761905
0.953712432531896
0.953712432531896
0.953712432531896
0.03950642046410781
0.10068222392518093
0.07517432907271979
0.012770634920634922
0.16200565973629577
0.06971349206349206
0.07305568872386434
0.953712432531896
0.47658259349633175
0.8456758372743812
0.9342716148645435
0.871394534544993
0.1273757096122254
0.0021044756010273253
0.7180513022412224
0.14041486683341242
0.953712432531896
0.004266666666666667
0.953712432531896
0.1728785700853549
0.9090445259310571
0.021505555555555552
0.953712432531896
0.953712432531896
0.01779814248931896
0.7447356164982921
0.03487063492063493
0.953712432531896
0.953712432531896
0.09626057922893069
0.953712432531896
0.953712432531896
0.9530820304329328
0.29000364649759397
0.9274252984420804
2.5882352941176474e-4
0.953712432531896
0.9447531498056115
0.0016944444444444444
0.820767462328491
0.966449661560312
0.953712432531896
0
0.26380248645168064
0.953712432531896
0.05635484405218067
0.953712432531896
0.006165873015873015
0.0016222222222222222
0
0.8947312310239838
0.6502376000734246
0.953712432531896
0.953712432531896
0.8243829941360907
0.18909542856743583
0.6595559373292285
0.02042555678269578
0.08326276719161052
0.916355990805799
0.953712432531896
0.953712432531896
0.2659590981261319
0.047443650793650795
0.966449661560312
0.017235714285714285
0.953712432531896
0.053605714949784646
0.14169415422394857
0.3735418198939398
0.8724722439577133
0.023318253968253967
0.004225553467000835
