DOMRAF
0.10881349206349204
0.4458238095238095
0.6338317460317466
0.7813436507936505
0.45537063492063456
0.9683293650793651
0.4352253968253967
0.14615317460317465
0.5029873015873018
0.791911111111111
0.8921047619047618
0.9564611111111111
0.10148809523809522
0.7551650793650789
0.7695309523809521
0.08343571428571428
0.25716904761904763
0.9711722222222221
0.8611658730158731
0.22776904761904762
0.3941666666666666
0.2132515873015874
0.08583650793650793
0.79615
0.7244666666666664
0.7999412698412695
0.2512857142857142
0.6669531746031753
0.24896507936507936
0.14088809523809526
0.1036134920634921
0.19280793650793657
0.7624015873015874
0.7787174603174605
0.8008039682539685
0.2633992063492063
0.6731452380952381
0.9048349206349208
0.7058055555555555
0.913276984126984
0.5799896825396824
0.944531746031746
0.5939515873015874
0.7314730158730159
0.39985476190476177
0.8989293650793652
0.17156111111111116
0.7010777777777776
0.33582460317460294
0.46641825396825415
0.673731746031746
0.6786253968253968
0.560213492063492
0.7631642857142859
0.3697087301587302
0.4937833333333334
0.9416809523809524
0.34787142857142833
0.786347619047619
0.32186190476190474
0.5786182539682543
0.17715634920634915
0.4870809523809523
0.6238746031746035
0.9469563492063495
0.26343095238095254
0.14335079365079367
0.7176539682539683
0.2440293650793651
0.4304841269841269
0.7459309523809522
0.42503174603174587
0.9161738095238096
0.6680015873015872
0.8229761904761904
0.484640476190476
0.700481746031746
0.41935714285714293
0.8026904761904764
0.3150825396825398
0.409770634920635
0.6359047619047621
0.5948126984126985
0.9603825396825396
0.5424063492063493
0.49753253968253974
0.4490555555555556
0.44391587301587276
0.6549412698412694
0.21109761904761906
0.534665079365079
0.11640793650793652
0.37213730158730163
0.2771444444444444
0.7786238095238093
0.4371380952380952
0.3836214285714289
0.6238817460317467
0.8173428571428571
0.2746230158730161
0.08261111111111111
0.36899444444444435
0.596044444444445
0.8387404761904758
0.16012460317460317
0.5940190476190472
0.37061111111111117
0.42670238095238083
0.9782547619047619
0.6382714285714282
0.22866507936507935
0.5311404761904761
0.44495714285714283
0.5589007936507939
0.12838492063492066
0.4370865079365077
0.5408365079365078
0.1438015873015873
0.6977182539682538
0.1393833333333333
0.15706269841269838
0.6649039682539684
0.8650738095238095
0.47967222222222217
0.48711666666666664
0.8124150793650792
0.35898253968253985
0.11368968253968256
0.9153420634920635
0.352552380952381
0.9148357142857144
0.47397142857142877
0.2564896825396825
0.8326452380952385
0.03297460317460318
0.7659404761904766
0.6830555555555556
0.5618309523809524
0.6508722222222224
0.30118888888888884
0.6906738095238097
0.4578944444444445
0.9543190476190477
0.17768650793650798
0.2311246031746032
0.8787738095238093
0.4807404761904762
0.20421825396825394
0.2674309523809523
0.314768253968254
0.6652142857142855
0.14971428571428574
0.6397706349206348
0.14296349206349204
0.4441047619047619
0.5733484126984126
0.9062785714285714
0.9425261904761902
0.4136515873015875
0.8380007936507936
0.7333539682539683
0.6801849206349205
0.5750777777777778
0.14303888888888888
0.0758722222222222
0.22518253968253968
0.510059523809524
0.9254865079365081
0.29399285714285733
0.4668365079365082
0.9267285714285713
0.8786769841269845
0.48230476190476196
0.33275873015873003
0.23929841269841265
0.7087301587301587
0.5441436507936508
0.20777777777777787
0.7551849206349207
0.1414277777777779
0.73020873015873
0.6490920634920638
0.23231428571428564
0.29958253968253984
0.15962857142857145
0.20274206349206356
0.1280206349206349
0.1987722222222222
0.19305317460317462
0.16672857142857153
0.7732071428571429
0.9339095238095241
0.194215873015873
0.3565142857142858
0.45608650793650785
0.8647357142857139
0.31920396825396824
0.683862698412698
0.3956492063492064
0.26427380952380963
0.2767484126984127
0.8142960317460318
0.8067777777777779
0.6249888888888887
0.27623968253968273
0.14264285714285707
0.5583015873015872
0.7726523809523808
0.647677777777778
0.3566301587301586
0.3514833333333335
0.4779746031746033
0.24154761904761907
0.24150555555555564
0.11925079365079368
0.12386984126984132
0.936629365079365
0.9694849206349206
0.13272777777777775
0.3379809523809524
0.7806666666666667
0.5624476190476194
0.5075611111111112
0.416047619047619
0.7130539682539686
0.3301166666666666
0.6787047619047618
0.29044841269841276
0.3966261904761906
0.9011674603174604
0.4206912698412699
0.26496904761904766
0.48117857142857134
0.28093968253968254
0.4451873015873016
0.7955769841269842
0.18725079365079372
0.32881507936507925
0.4590587301587301
0.8156174603174605
0.4536182539682538
0.16499047619047624
0.984411111111111
0.3178468253968254
0.20058095238095233
0.856998412698413
0.7610682539682537
0.23448809523809538
0.2232420634920634
0.7341968253968253
0.6595801587301587
0.3834785714285714
0.39601904761904755
0.39731428571428556
0.07572063492063495
0.82805873015873
0.6540785714285712
0.14223253968253974
0.6132896825396822
0.7505619047619045
0.7583809523809525
0.8969746031746034
0.9038833333333331
0.41336984126984117
0.9414936507936511
0.8582428571428571
0.4300261904761907
0.5308380952380953
0.48685396825396815
0.06109920634920634
0.6358698412698413
0.3482142857142855
0.0755603174603175
0.39651507936507946
0.2800777777777778
0.294829365079365
0.6750285714285715
0.1768499999999999
0.7506571428571428
0.6966095238095238
0.3347746031746031
0.34082380952380953
0.2984539682539683
0.5731222222222222
0.9508325396825396
0.3825190476190476
0.29959126984127
0.505993650793651
0.7367301587301592
0.3784920634920636
0.04103492063492064
0.19923015873015867
0.7412968253968255
0.7106658730158731
0.8815452380952382
0.799157142857143
0.36756190476190476
0.3392563492063491
0.6934523809523813
0.4243873015873015
0.254052380952381
0.5661253968253972
0.8307317460317458
0.6605238095238092
0.852315873015873
0.9749380952380954
0.5018563492063493
0.47394523809523814
0.7622047619047617
0.1387277777777778
0.25236269841269837
0.796763492063492
0.47524523809523816
0.6801412698412699
0.9685968253968255
0.3761476190476189
0.46857380952380956
0.048097619047619056
0.5203500000000002
0.388242857142857
0.2095698412698413
0.12655634920634926
0.3423103174603175
0.9258896825396825
0.13037777777777773
0.44776111111111105
0.14700079365079366
0.26931349206349203
0.7056507936507932
0.731054761904762
0.9842936507936508
0.9321880952380952
0.6723793650793649
0.6427015873015872
0.08283095238095237
0.9057309523809526
0.08331507936507937
0.09224841269841272
0.4601650793650793
0.8551698412698413
0.28336666666666666
0.1287079365079365
0.989297619047619
0.17962619047619058
0.6037055555555552
0.12465555555555557
0.2062825396825398
0.4136444444444443
0.8256523809523809
0.7208460317460319
0.38048730158730154
0.9716619047619048
0.43791190476190484
0.1800222222222223
0.11245238095238091
0.20877698412698417
0.9869801587301587
0.47331666666666655
0.9528055555555556
0.09361587301587301
0.11270158730158736
0.27328253968253974
0.8628722222222223
0.7192626984126983
0.9234880952380954
0.6074817460317463
0.2571928571428572
0.3911047619047617
0.7791936507936508
0.9922873015873015
0.17180238095238096
0.13090158730158727
0.1613063492063492
0.6919857142857146
0.8725817460317465
0.8871476190476194
0.9539634920634922
0.6731761904761904
0.16319444444444442
0.9846349206349206
0.32331031746031724
0.7490857142857144
0.7661952380952384
0.9557309523809524
0.4877
0.6594293650793652
0.5115261904761906
0.6596904761904759
0.33433333333333337
0.6540166666666669
0.8273666666666667
0.26516349206349205
0.6340619047619049
0.7988166666666665
0.9772095238095239
0.3272595238095236
0.7725571428571428
0.4385690476190479
0.19400317460317465
0.5188182539682539
0.3837158730158732
0.6573761904761903
0.4671126984126983
0.8309793650793652
0.9028206349206346
0.20697301587301584
0.3223055555555556
0.9932166666666667
0.5272134920634922
0.2509904761904764
0.3329960317460319
0.861438888888889
0.8133674603174602
0.1918142857142857
0.26350793650793664
0.7996158730158731
0.7217301587301592
0.6643984126984128
0.6142222222222228
0.8155968253968257
0.6161809523809525
0.5599190476190478
0.18182936507936515
0.3281309523809524
0.5449444444444445
0.89814126984127
0.26018571428571424
0.7497539682539682
0.4222015873015874
0.21771825396825406
0.5477222222222222
0.746026984126984
0.30767301587301576
0.23707063492063493
0.6936523809523811
0.47553333333333353
0.4630198412698413
0.7089658730158729
0.22753888888888887
0.38493253968253976
0.9381515873015871
0.5730484126984129
0.8609674603174602
0.1347761904761905
0.42783730158730165
0.7997619047619051
0.7605238095238094
0.8413253968253968
0.2466412698412698
0.44010555555555564
0.7756103174603176
0.8432595238095238
0.8392452380952377
0.7130007936507932
0.2751007936507935
0.27986031746031736
0.5673222222222221
0.39052936507936514
0.7071761904761904
0.5941611111111109
0.2955865079365078
0.17239523809523813
0.16334603174603177
0.47018888888888916
0.8378126984126985
0.39195873015873034
0.6029388888888889
0.9597507936507937
0.8336793650793652
0.4284730158730158
0.42995634920634895
0.51480873015873
0.2812992063492063
0.14517698412698407
0.20352857142857145
0.8534738095238097
0.35343968253968255
0.37666666666666665
0.324331746031746
0.7431706349206351
0.2106166666666667
0.9597253968253969
0.5082944444444444
0.7571269841269839
0.3157253968253966
0.6665261904761904
0.574627777777778
0.3022539682539682
0.37786031746031745
0.643951587301587
0.24812857142857153
0.43926666666666664
0.5485690476190479
0.7757873015873018
0.4434579365079368
0.6041277777777779
0.8797531746031744
0.7736373015873017
0.8298365079365082
0.6047650793650793
0.25299206349206343
0.36045238095238125
0.1527484126984128
0.14197857142857145
0.8885468253968256
0.09362460317460322
0.7503857142857145
0.7241166666666667
0.9634119047619045
0.9615079365079366
0.08027619047619046
0.4031484126984127
0.6356301587301586
0.6567182539682541
0.4035166666666667
0.12856111111111115
0.68620873015873
0.08505079365079365
0.25174920634920644
0.8144484126984125
0.6729626984126986
0.7630158730158733
0.5193301587301589
0.7488753968253972
0.6255936507936514
0.18016190476190486
0.9700063492063492
0.5535253968253971
0.39473174603174593
0.43325158730158747
0.9325222222222223
0.8651357142857141
0.6844857142857145
0.5319460317460315
0.3294166666666666
0.37984999999999997
0.5312428571428573
0.9936047619047619
0.19537142857142864
0.6352809523809527
0.1896650793650794
0.1814484126984128
0.21320873015873004
0.49394841269841255
0.22304444444444455
0.9370785714285716
0.21163412698412695
0.5655055555555555
0.7525103174603173
0.3290769841269842
0.5374960317460317
0.2930365079365079
0.1736380952380953
0.6045809523809524
0.36535396825396815
0.45138650793650786
0.26563571428571436
0.5199095238095237
0.12760396825396833
0.8823888888888888
0.5007658730158728
0.17989682539682555
0.5805349206349203
0.7929539682539682
0.781025396825397
0.4721634920634921
0.7536714285714284
0.42196825396825394
0.2271801587301588
0.6500634920634918
0.4300174603174602
0.2368484126984128
0.1887539682539683
0.3551531746031746
0.4372579365079364
0.23539047619047632
0.9271365079365078
0.7634452380952381
0.5250523809523809
0.12007539682539685
0.46490396825396857
0.6874777777777781
0.5445285714285711
0.4515103174603172
0.4903690476190476
0.3311865079365078
0.8856968253968257
0.331357142857143
0.329884126984127
0.10099047619047616
0.14974920634920638
0.9777746031746032
0.22525238095238095
0.2857349206349206
0.3339301587301588
0.6590079365079363
0.5006555555555554
0.825769841269841
0.9011309523809525
0.12474841269841266
